101
102
103
104
105
106
107
108
109
110
111
112
113
114
115
116
117
118
119
120
121
122
123
201
202
203
204
205
206
207
208
209
210
211
212
213
214
215
216
301
302
303
304
305
306
307
308
401
402
403
404
405
406
407
408
409
410
411
412
413
414
415
416
417
501
502
503
504
505
506
507
601
602
603
604
605
606
607
608
609
610
611
612
613
614
615
616
617
618
619
620
621
622
701
702
703
704
705
706
707
801
802
803
804
805
806
901
902
903
904
101	102	200
102	103	300
103	104	500
104	105	340
105	106	450
106	107	120
107	108	650
108	109	200
109	110	430
110	111	120
111	112	890
112	113	800
113	114	700
114	115	540
115	116	330
116	117	280
117	118	800
118	119	1000
119	120	2000
120	121	700
121	122	650
122	123	440
123	101	200
101	201	300
201	202	500
202	203	340
203	204	450
204	205	120
205	206	650
206	207	200
207	208	430
208	209	120
209	210	890
210	211	800
211	212	700
212	213	540
213	214	330
214	215	280
215	216	800
216	217	1000
207	301	2000
301	302	700
302	303	650
303	304	440
304	123	200
123	305	300
305	306	500
306	307	340
307	308	450
308	107	120
104	401	650
401	307	200
307	402	430
402	403	120
403	404	890
404	405	800
405	406	700
406	407	540
407	115	330
115	408	280
408	409	800
409	410	1000
410	411	2000
411	412	700
412	413	650
413	414	440
414	415	200
415	416	300
416	417	500
417	216	340
209	501	450
501	502	120
502	503	650
503	504	200
504	122	430
122	505	120
505	506	890
506	403	800
403	507	700
507	109	540
601	602	330
602	121	280
121	603	800
603	604	1000
604	605	2000
605	606	700
606	116	650
116	607	440
607	608	200
608	609	300
609	412	500
412	610	340
610	611	450
611	612	120
612	613	650
613	614	200
614	615	430
615	616	120
616	417	890
417	617	800
617	618	700
618	619	540
619	620	330
620	621	280
621	622	800
622	601	1000
202	303	2000
303	503	700
503	601	650
601	701	440
701	702	200
702	703	300
703	704	500
704	705	340
705	706	450
706	416	120
416	707	650
707	614	200
113	801	430
801	802	120
802	803	890
803	409	800
409	608	700
608	804	540
804	805	330
805	806	280
806	705	800
705	618	1000
618	214	2000
112	901	700
901	406	650
406	605	440
605	902	280
902	119	800
119	903	1000
903	702	2000
702	904	700
904	621	650
621	211	440
