101
102
103
104
105
106
107
108
109
110
111
112
113
114
115
116
117
118
119
120
121
122
123
201
202
203
204
205
206
207
208
209
210
211
212
213
214
215
216
301
302
303
304
305
306
307
308
401
402
403
404
405
406
407
408
409
410
411
412
413
414
415
416
417
501
502
503
504
505
506
507
601
602
603
604
605
606
607
608
609
610
611
612
613
614
615
616
617
618
619
620
621
622
701
702
703
704
705
706
707
801
802
803
804
805
806
901
902
903
904
101	102	500
102	103	400
103	104	600
104	105	200
105	106	600
106	107	200
107	108	700
108	109	350
109	110	250
110	111	650
111	112	400
112	113	500
113	114	500
114	115	400
115	116	600
116	117	200
117	118	600
118	119	200
119	120	700
120	121	350
121	122	250
122	123	650
123	101	400
101	201	500
201	202	500
202	203	400
203	204	600
204	205	200
205	206	600
206	207	200
207	208	700
208	209	350
209	210	250
210	211	650
211	212	400
212	213	500
213	214	500
214	215	400
215	216	600
216	217	200
207	301	600
301	302	200
302	303	700
303	304	350
304	123	250
123	305	650
305	306	400
306	307	500
307	308	500
308	107	400
104	401	600
401	307	200
307	402	600
402	403	200
403	404	700
404	405	350
405	406	250
406	407	650
407	115	400
115	408	500
408	409	340
409	410	500
410	411	400
411	412	600
412	413	200
413	414	600
414	415	200
415	416	700
416	417	350
417	216	250
209	501	650
501	502	400
502	503	500
503	504	500
504	122	400
122	505	600
505	506	200
506	403	600
403	507	200
507	109	700
601	602	350
602	121	250
121	603	650
603	604	400
604	605	200
605	606	300
606	116	400
116	607	200
607	608	600
608	609	200
609	412	700
412	610	350
610	611	250
611	612	650
612	613	400
613	614	200
614	615	300
615	616	400
616	417	200
417	617	600
617	618	200
618	619	700
619	620	350
620	621	250
621	622	650
622	601	400
202	303	200
303	503	300
503	601	400
601	701	200
701	702	600
702	703	200
703	704	700
704	705	350
705	706	250
706	416	650
416	707	400
707	614	200
113	801	300
801	802	400
802	803	200
803	409	600
409	608	200
608	804	700
804	805	350
805	806	250
806	705	650
705	618	400
618	214	200
112	901	300
901	406	400
406	605	200
605	902	600
902	119	200
119	903	700
903	702	350
702	904	250
904	621	650
621	211	400
