101
102
103
104
105
106
107
108
109
110
111
112
113
114
115
116
117
118
119
120
121
122
123
101
201
202
203
204
205
206
207
208
209
210
211
212
213
214
215
216
207
301
302
303
304
123
305
306
307
308
104
401
307
402
403
404
405
406
407
115
408
409
410
411
412
413
414
415
416
417
209
501
502
503
504
122
505
506
403
507
601
602
121
603
604
605
606
116
607
608
609
412
610
611
612
613
614
615
616
417
617
618
619
620
621
622
202
303
503
601
701
702
703
704
705
706
416
707
113
801
802
803
409
608
804
805
806
705
618
112
901
406
605
902
119
903
702
904
621
101	102	200
102	103	300
103	104	1000
104	105	500
105	106	150
106	107	320
107	108	400
108	109	800
109	110	900
110	111	500
111	112	1000
112	113	2000
113	114	500
114	115	220
115	116	230
116	117	300
117	118	500
118	119	480
119	120	500
120	121	400
121	122	900
122	123	300
123	101	480
101	201	1000
201	202	250
202	203	480
203	204	400
204	205	250
205	206	500
206	207	320
207	208	250
208	209	300
209	210	150
210	211	900
211	212	320
212	213	150
213	214	500
214	215	210
215	216	150
216	217	500
207	301	300
301	302	300
302	303	480
303	304	400
304	123	250
123	305	300
305	306	250
306	307	900
307	308	480
308	107	400
104	401	1000
401	307	150
307	402	300
402	403	210
403	404	320
404	405	210
405	406	500
406	407	300
407	115	320
115	408	480
408	409	300
409	410	480
410	411	300
411	412	900
412	413	400
413	414	430
414	415	150
415	416	1000
416	417	500
417	216	900
209	501	320
501	502	320
502	503	430
503	504	210
504	122	320
122	505	480
505	506	300
506	403	320
403	507	300
507	109	1000
601	602	150
602	121	700
121	603	500
603	604	300
604	605	430
605	606	480
606	116	320
116	607	250
607	608	500
608	609	700
609	412	320
412	610	1000
610	611	700
611	612	700
612	613	150
613	614	430
614	615	500
615	616	700
616	417	480
417	617	320
617	618	300
618	619	250
619	620	700
620	621	320
621	622	480
622	601	150
202	303	1000
303	503	700
503	601	500
601	701	430
701	702	150
702	703	600
703	704	700
704	705	250
705	706	600
706	416	300
416	707	430
707	614	480
113	801	600
801	802	1000
802	803	700
803	409	600
409	608	500
608	804	700
804	805	150
805	806	210
806	705	600
705	618	250
618	214	700
112	901	600
901	406	300
406	605	210
605	902	480
902	119	430
119	903	1000
903	702	150
702	904	500
904	621	250
621	211	300
209 601
